1	2.7
2	2.7
3	2.7
4	2.7
5	2.7
6	2.7
7	2.7
8	2.7
9	2.7
10	2.7
11	2.7
12	2.7
13	2.7
14	2.7
15	2.7
16	2.7
17	2.7
18	2.7
19	2.7
20	2.7
21	2.7
22	2.7
23	2.7
24	2.7
25	2.7
26	2.7
27	2.7
28	2.7
29	2.7
30	2.7
31	2.7
32	2.7
33	2.7
34	2.7
35	2.7
36	2.7
37	2.7
38	2.7
39	2.7
40	2.7
41	2.7
42	2.7
43	2.7
44	2.7
45	2.7
46	2.7
47	2.7
48	2.7
49	2.7
50	2.7
51	2.7
52	2.7
53	2.7
54	2.7
55	2.7
56	2.7
57	2.7
58	2.7
59	2.7
60	2.7
61	2.7
62	2.7
63	2.7
64	9.07632
65	9.10142
66	9.10142
67	2.7
68	2.7
69	2.7
70	2.7
71	2.7
72	2.7
73	2.7
74	2.7
75	2.7
76	2.7
77	2.7
78	2.7
79	2.7
80	2.7
81	2.7
82	2.7
83	2.7
84	2.7
85	2.7
86	2.7
87	2.7
88	2.7
89	2.7
90	2.7
91	2.7
92	2.7
93	2.7
94	2.7
95	2.7
96	2.7
97	2.7
98	2.7
99	2.7
100	2.7
101	2.7
102	2.7
103	2.7
104	2.7
105	2.7
106	2.7
107	2.7
108	2.7
109	2.7
110	2.7
111	2.7
112	2.7
113	2.7
114	2.7
115	2.7
116	2.7
117	2.7
118	2.7
119	2.7
120	2.7
121	2.7
122	2.7
123	2.7
124	2.7
125	2.7
126	2.7
127	2.7
128	2.7
129	2.7
130	2.7
131	2.7
132	2.7
133	2.7
134	2.7
135	2.7
136	2.7
137	2.7
138	2.7
139	2.7
140	2.7
141	2.7
142	2.7
143	2.7
144	2.7
145	2.7
146	2.7
147	2.7
148	2.7
149	2.7
150	2.7
151	2.7
152	2.7
153	2.7
154	2.7
155	2.7
156	2.7
157	2.7
158	2.7
159	2.7
160	2.7
161	2.7
162	2.7
163	2.7
164	2.7
165	2.7
166	2.7
167	2.7
168	2.7
169	2.7
170	2.7
171	2.7
172	2.7
173	2.7
174	2.7
175	2.7
176	2.7
177	2.7
178	2.7
179	2.7
180	2.7
181	2.7
182	2.7
183	2.7
184	2.7
185	2.7
186	2.7
187	2.7
188	2.7
189	2.7
190	2.7
191	2.7
192	2.7
193	2.7
194	2.7
195	2.7
196	2.7
197	2.7
198	2.7
199	2.7
200	2.7
201	2.7
202	2.7
203	2.7
204	2.7
205	2.7
206	2.7
207	2.7
208	2.7
209	2.7
210	2.7
211	2.7
212	2.7
213	2.7
214	2.7
215	2.7
216	2.7
217	2.7
218	2.7
219	2.7
220	2.7
221	2.7
222	2.7
223	2.7
224	2.7
225	2.7
226	2.7
227	2.7
228	2.7
229	9.10142
230	9.10142
231	2.7
232	2.7
233	2.7
234	2.7
235	2.7
236	2.7
237	2.7
238	2.7
239	2.7
240	2.7
241	2.7
242	2.7
243	2.7
244	2.7
245	2.7
246	2.7
247	2.7
248	2.7
249	2.7
250	2.7
251	2.7
252	2.7
253	2.7
254	2.7
255	2.7
256	2.7
257	2.7
258	2.7
259	2.7
260	2.7
261	2.7
262	2.7
263	2.7
264	2.7
265	2.7
266	2.7
267	2.7
268	2.7
269	2.7
270	2.7
271	2.7
272	2.7
273	2.7
274	2.7
275	2.7
276	2.7
277	2.7
278	2.7
279	2.7
280	2.7
281	2.7
282	2.7
283	2.7
284	2.7
285	2.7
286	2.7
287	2.7
288	2.7
289	2.7
290	2.7
291	2.7
292	2.7
293	2.7
294	2.7
295	2.7
296	2.7
297	2.7
298	2.7
299	2.7
300	2.7
301	2.7
302	2.7
303	2.7
304	2.7
305	2.7
306	2.7
307	2.7
308	2.7
309	4.35684
310	4.68319
311	4.98443
312	5.26057
313	5.53671
314	5.81285
315	6.08899
316	6.39023
317	6.64127
318	6.91741
319	7.19355
320	7.46969
321	7.74583
322	7.99686
323	8.22279
324	2.7
325	2.7
326	2.7
327	2.7
328	2.7
329	2.7
330	2.7
331	2.7
332	2.7
333	2.7
334	11.2101
335	11.411
336	11.662
337	11.9381
338	12.1892
339	12.4653
340	12.7163
341	12.9674
342	13.2184
343	13.4694
344	13.7456
345	13.9715
346	14.2226
347	14.4736
348	14.7246
349	14.9757
350	15.2267
351	15.5028
352	15.7288
353	15.9798
354	16.256
355	16.4819
356	16.758
357	17.0091
358	17.235
359	17.486
360	17.7371
361	17.9881
362	18.2391
363	18.4651
364	18.7161
365	18.9671
366	19.2182
367	19.4692
368	19.7202
369	19.9713
370	20.2223
371	20.4483
372	44.6732
373	44.372
374	44.2967
375	44.372
376	44.4724
377	44.4724
378	44.4724
379	44.4724
380	44.4724
381	22.9084
382	23.1594
383	23.3854
384	23.6364
385	23.8874
386	24.1385
387	24.3644
388	24.5903
389	24.8163
390	25.0673
391	25.3184
392	43.644
393	42.188
394	26.0464
395	26.2974
396	26.5233
397	26.7493
398	27.0003
399	27.2262
400	27.4773
401	27.7032
402	27.9542
403	28.1802
404	28.4312
405	28.6571
406	28.9082
407	29.1341
408	29.3851
409	29.6111
410	29.8621
411	30.088
412	30.3391
413	30.565
414	30.816
415	31.042
416	31.2679
417	31.5189
418	31.7449
419	31.9959
420	32.2218
421	32.4478
422	32.6737
423	32.9499
424	33.1758
425	33.4017
426	33.6528
427	33.8787
428	34.1297
429	34.3557
430	34.6067
431	34.8326
432	35.0335
433	35.2845
434	35.5355
435	35.7615
436	35.9874
437	36.2384
438	36.4644
439	36.6903
440	36.9413
441	37.1673
442	37.4183
443	37.6442
444	37.8953
445	38.1212
446	38.3471
447	38.5731
448	38.8492
449	39.05
450	39.276
451	39.5019
452	39.7529
453	39.9789
454	40.2299
455	40.4558
456	40.6818
457	40.9328
458	41.1587
459	41.3847
460	41.6357
461	41.8616
462	42.0876
463	42.3135
464	42.5394
465	42.7654
466	43.0164
467	43.2423
468	43.4683
469	43.6942
470	43.9201
471	44.1461
472	44.372
473	44.623
474	44.849
475	44.9996
476	2.7
477	2.7
478	2.7
479	2.7
480	2.7
481	2.7
482	2.7
483	2.7
484	2.7
485	2.7
486	2.7
487	2.7
488	2.7
489	2.7
490	2.7
491	2.7
492	2.7
493	2.7
494	2.7
495	2.7
496	2.7
497	2.7
498	2.7
499	2.7
500	2.7
501	2.7
502	2.7
503	2.7
504	2.7
505	2.7
506	2.7
507	2.7
508	2.7
509	2.7
510	2.7
511	2.7
512	2.7
513	2.7
514	2.7
515	2.7
516	2.7
517	2.7
518	2.7
519	2.7
520	2.7
521	4.13091
522	4.53256
523	4.7836
524	5.10995
525	5.36098
526	5.63712
527	5.91326
528	6.1894
529	6.46554
530	6.74168
531	6.99272
532	7.26886
533	7.51989
534	7.77093
535	8.04707
536	2.7
537	2.7
538	2.7
539	2.7
540	2.7
541	2.7
542	2.7
543	2.7
544	2.7
545	2.7
546	9.32735
547	11.1599
548	11.3356
549	11.5867
550	11.8377
551	12.0888
552	44.372
553	43.4934
554	44.1712
555	13.0929
556	44.372
557	44.372
558	44.1963
559	43.8448
560	43.7444
561	42.6649
562	42.6649
563	15.051
564	15.302
565	15.553
566	15.779
567	16.03
568	16.2811
569	16.507
570	16.758
571	43.6189
572	43.3427
573	43.1921
574	43.0917
575	43.0917
576	43.1168
577	42.2131
578	18.7161
579	18.942
580	19.1931
581	19.4441
582	19.67
583	19.9211
584	20.147
585	20.398
586	44.0959
587	43.9954
588	21.1009
589	21.352
590	21.603
591	21.829
592	22.0549
593	22.3059
594	22.5319
595	22.808
596	44.2967
597	43.1168
598	44.0708
599	23.7368
600	23.9628
601	24.2138
602	24.4146
603	24.6657
604	24.9167
605	25.1175
606	25.3686
607	25.5945
608	25.8204
609	26.0464
610	26.2974
611	26.5233
612	26.7744
613	27.0003
614	27.2262
615	27.4773
616	27.7032
617	27.9291
618	28.1551
619	28.381
620	28.632
621	28.858
622	29.0839
623	29.3098
624	29.5358
625	29.7868
626	30.0127
627	30.2638
628	30.4646
629	30.7156
630	30.9416
631	31.1675
632	31.3934
633	31.6194
634	31.8453
635	32.0963
636	32.3223
637	32.5482
638	32.7741
639	33.0001
640	33.2511
641	33.477
642	33.703
643	33.9289
644	34.1548
645	34.3808
646	34.6318
647	34.8577
648	35.0837
649	35.3096
650	35.5355
651	35.7866
652	36.0125
653	36.2384
654	36.4644
655	36.7154
656	36.9162
657	37.1422
658	37.3932
659	37.6191
660	37.8451
661	38.071
662	38.2969
663	38.548
664	38.7739
665	39.0249
666	39.2509
667	39.4768
668	39.7027
669	39.9287
670	40.1546
671	40.3805
672	40.6316
673	40.8575
674	41.0834
675	41.3094
676	41.5353
677	41.7612
678	42.0123
679	42.2382
680	42.4641
681	42.6901
682	42.916
683	43.1419
684	43.393
685	43.5938
686	43.8448
687	44.0456
688	44.2967
689	44.5226
690	44.7485
691	44.9494
692	45.0749
693	2.7
694	2.7
695	2.7
696	2.7
697	2.7
698	2.7
699	2.7
700	2.7
701	2.7
702	2.7
703	2.7
704	2.95104
705	19.3688
706	2.95104
707	2.95104
708	19.3688
709	19.3939
710	22.0549
711	3.17697
712	3.17697
713	2.95104
714	2.7
715	2.7
716	2.7
717	4.28153
718	4.65808
719	4.98443
720	5.26057
721	5.53671
722	5.81285
723	6.08899
724	6.36513
725	6.64127
726	6.8923
727	7.16844
728	7.44458
729	7.69562
730	7.94665
731	2.7
732	2.7
733	2.7
734	2.7
735	2.7
736	2.7
737	2.7
738	2.7
739	2.7
740	2.7
741	2.7
742	11.1348
743	11.2603
744	11.5114
745	11.7373
746	11.9883
747	12.2394
748	12.5155
749	44.4222
750	44.0708
751	43.8699
752	43.8197
753	43.7695
754	43.7695
755	43.644
756	42.7403
757	42.9662
758	43.2172
759	43.2172
760	43.2172
761	42.4892
762	15.9547
763	16.2057
764	16.4568
765	16.6827
766	16.9337
767	17.1848
768	17.4358
769	17.6618
770	17.9379
771	18.1638
772	18.3898
773	18.6408
774	18.8918
775	19.1178
776	19.3688
777	19.6198
778	19.8709
779	20.0968
780	20.3478
781	20.5738
782	20.8248
783	21.0758
784	21.3018
785	21.5779
786	21.8038
787	44.6983
788	44.2465
789	43.4934
790	41.9118
791	40.004
792	34.4812
793	23.4607
794	23.7117
795	23.9377
796	24.1636
797	24.4146
798	24.6406
799	24.8665
800	25.1175
801	25.3435
802	25.5694
803	25.8204
804	26.0464
805	26.2974
806	26.5233
807	26.7493
808	27.0003
809	27.2262
810	27.4522
811	27.7032
812	27.9291
813	28.1802
814	28.4061
815	28.632
816	28.858
817	29.109
818	29.3349
819	29.5609
820	29.7868
821	30.0378
822	30.2638
823	30.4897
824	30.7407
825	30.9667
826	31.1926
827	31.4185
828	31.6445
829	31.8955
830	32.1214
831	32.3474
832	32.5733
833	32.8243
834	33.0252
835	33.2762
836	33.5021
837	33.7281
838	33.954
839	34.1799
840	34.431
841	34.6569
842	34.8828
843	35.1088
844	35.3347
845	35.5606
846	35.8117
847	36.0376
848	36.2635
849	36.4895
850	36.7154
851	36.9413
852	37.1924
853	37.4183
854	37.6442
855	37.8702
856	38.1212
857	38.3471
858	38.548
859	38.799
860	39.0249
861	39.2509
862	39.5019
863	39.7278
864	39.9538
865	40.1797
866	40.4056
867	40.6316
868	40.8575
869	41.1085
870	41.3345
871	41.5604
872	41.7863
873	42.0123
874	42.2382
875	42.4641
876	42.7152
877	42.916
878	43.167
879	43.393
880	43.6189
881	43.8448
882	44.0708
883	44.2967
884	44.5226
885	44.7485
886	44.9494
887	45.0498
888	2.7
889	2.7
890	2.7
891	2.7
892	2.7
893	2.7
894	2.7
895	2.7
896	2.7
897	2.7
898	2.7
899	2.7
900	2.7
901	2.7
902	2.7
903	2.7
904	2.7
905	2.7
906	2.7
907	2.7
908	2.7
909	2.7
910	2.7
911	2.7
912	2.7
913	2.7
914	2.7
915	2.7
916	2.7
917	2.7
918	2.7
919	2.7
920	2.7
921	2.7
922	2.7
923	2.7
924	2.7
925	2.7
926	2.7
927	2.7
928	2.7
929	2.7
930	2.7
931	2.7
932	2.7
933	2.7
934	2.7
935	2.7
936	2.7
937	2.7
938	2.7
939	2.7
940	2.7
941	2.7
942	2.7
943	2.7
944	2.7
945	2.7
946	2.7
947	2.7
948	2.7
949	2.7
950	2.95104
951	2.7
952	2.7
953	2.7
954	2.7
955	2.7
956	2.7
957	2.7
958	2.7
959	2.7
960	2.7
961	4.15601
962	4.48236
963	4.7836
964	5.05974
965	5.33588
966	5.61202
967	5.88816
968	6.1643
969	6.44044
970	6.71658
971	6.99272
972	7.24375
973	7.51989
974	7.79603
975	8.04707
976	8.2479
977	2.7
978	2.7
979	2.7
980	2.7
981	2.7
982	2.7
983	2.7
984	2.7
985	2.7
986	2.7
987	11.2101
988	11.4361
989	11.662
990	11.9381
991	12.2394
992	12.4653
993	12.7163
994	12.9925
995	13.2435
996	44.7234
997	44.2967
998	44.121
999	44.121
1000	44.4724
1001	14.7497
1002	15.0008
1003	15.2518
1004	15.5028
1005	15.7539
1006	16.0049
1007	16.2811
1008	16.507
1009	16.758
1010	17.0091
1011	17.2601
1012	17.5111
1013	44.6732
1014	44.4222
1015	44.2465
1016	44.0456
1017	43.895
1018	43.8699
1019	43.895
1020	43.8699
1021	43.7444
1022	43.644
1023	43.5938
1024	43.7695
1025	20.7495
1026	20.9754
1027	21.2265
1028	21.4775
1029	21.7034
1030	21.9545
1031	22.2055
1032	22.4314
1033	22.7076
1034	22.9586
1035	23.1845
1036	23.4356
1037	23.6615
1038	23.8874
1039	24.1385
1040	24.3644
1041	24.6155
1042	24.8665
1043	25.0924
1044	25.3435
1045	25.5694
1046	25.7953
1047	26.0464
1048	26.3225
1049	26.5233
1050	26.7744
1051	27.0254
1052	27.2513
1053	27.4773
1054	27.7032
1055	27.9542
1056	28.2053
1057	28.4312
1058	28.6571
1059	28.9082
1060	29.1592
1061	29.36
1062	29.6111
1063	29.8621
1064	30.088
1065	30.3391
1066	30.565
1067	30.816
1068	31.042
1069	31.293
1070	31.5189
1071	31.7449
1072	31.9959
1073	32.2218
1074	32.4478
1075	32.6988
1076	32.9247
1077	33.1507
1078	33.4017
1079	33.6276
1080	33.8787
1081	34.1046
1082	34.3557
1083	34.5816
1084	34.8075
1085	35.0335
1086	35.2845
1087	35.5104
1088	35.7615
1089	35.9874
1090	36.2133
1091	36.4644
1092	36.6903
1093	36.9162
1094	37.1422
1095	37.3932
1096	37.6442
1097	37.8702
1098	38.0961
1099	38.322
1100	38.548
1101	38.7739
1102	39.05
1103	39.276
1104	39.4768
1105	39.7278
1106	39.9538
1107	40.2048
1108	40.4307
1109	40.6818
1110	40.9077
1111	41.1336
1112	41.3596
1113	41.6106
1114	41.8365
1115	42.0625
1116	42.2884
1117	42.5143
1118	42.7654
1119	42.9913
1120	43.2172
1121	43.4432
1122	43.6942
1123	43.9201
1124	44.1461
1125	44.372
1126	44.5979
1127	44.849
1128	44.9996
1129	2.7
1130	2.7
1131	2.7
1132	2.7
1133	2.7
1134	2.7
1135	2.7
1136	2.7
1137	2.7
1138	2.7
1139	2.7
1140	2.7
1141	2.7
1142	2.7
1143	2.7
1144	2.7
1145	2.7
1146	2.7
1147	2.7
1148	2.7
1149	2.7
1150	2.7
1151	2.7
1152	2.7
1153	2.7
1154	2.7
1155	2.7
1156	2.7
1157	2.7
1158	2.7
1159	2.7
1160	2.7
1161	2.7
1162	2.7
1163	2.7
1164	2.7
1165	2.7
1166	2.7
1167	2.7
1168	2.7
1169	2.7
1170	2.7
1171	2.7
1172	2.7
1173	2.7
1174	9.07632
1175	9.10142
1176	2.7
1177	2.7
1178	2.7
1179	2.7
1180	2.7
1181	2.7
1182	2.7
1183	2.7
1184	2.7
1185	2.7
1186	2.7
1187	2.7
1188	2.7
1189	2.7
1190	2.7
1191	2.7
1192	2.7
1193	2.7
1194	2.7
1195	2.7
1196	2.7
1197	2.7
1198	2.7
1199	2.7
1200	2.7
1201	2.7
1202	2.7
1203	2.7
1204	2.7
1205	2.7
1206	2.7
1207	2.7
1208	2.7
1209	2.7
1210	2.7
1211	2.7
1212	2.7
1213	2.7
1214	2.7
1215	2.7
1216	2.7
1217	2.7
1218	2.7
1219	2.7
1220	2.7
1221	2.7
1222	2.7
1223	2.7
1224	2.7
1225	2.7
1226	2.7
1227	2.7
1228	2.7
1229	2.7
1230	2.7
1231	2.7
1232	2.7
1233	2.7
1234	4.7585
1235	2.7
1236	5.43629
1237	5.76264
1238	5.91326
1239	6.1894
1240	6.49065
1241	6.81699
1242	7.09313
1243	7.36927
1244	7.64541
1245	7.84624
1246	8.09728
1247	2.7
1248	2.7
1249	2.7
1250	2.7
1251	2.7
1252	2.7
1253	2.7
1254	2.7
1255	2.7
1256	2.7
1257	2.7
1258	11.2101
1259	11.4361
1260	11.6871
1261	11.913
1262	12.1641
1263	12.4151
1264	12.6661
1265	12.9423
1266	13.1682
1267	13.4192
1268	13.6703
1269	13.9213
1270	14.1724
1271	14.4234
1272	14.6744
1273	14.9004
1274	15.1514
1275	15.4024
1276	15.6786
1277	15.9296
1278	16.1555
1279	16.4066
1280	16.6576
1281	16.9086
1282	17.1346
1283	17.3856
1284	17.6366
1285	17.8626
1286	18.1387
1287	18.3647
1288	18.6157
1289	18.8667
1290	19.1178
1291	19.3437
1292	19.5947
1293	19.8458
1294	20.0717
1295	20.3227
1296	20.5738
1297	20.8248
1298	21.0507
1299	21.3018
1300	21.5528
1301	21.7787
1302	22.0298
1303	22.2557
1304	22.5067
1305	22.7578
1306	23.0088
1307	23.2348
1308	23.4607
1309	23.7117
1310	23.9377
1311	24.1887
1312	24.4146
1313	24.6657
1314	24.8916
1315	25.1426
1316	25.3686
1317	25.6196
1318	25.8455
1319	26.0715
1320	26.3225
1321	26.5735
1322	26.7995
1323	27.0505
1324	27.2764
1325	27.5275
1326	27.7534
1327	28.0044
1328	28.2304
1329	28.4563
1330	28.7073
1331	28.9333
1332	29.1592
1333	29.4102
1334	29.6613
1335	29.8872
1336	30.1382
1337	30.3642
1338	30.5901
1339	30.8411
1340	31.0671
1341	31.293
1342	31.5189
1343	31.77
1344	31.9959
1345	32.2218
1346	32.4729
1347	32.6737
1348	32.9247
1349	33.1758
1350	33.4017
1351	33.6276
1352	33.8536
1353	34.1046
1354	34.3306
1355	34.5565
1356	34.8075
1357	35.0335
1358	35.2594
1359	35.5104
1360	35.7364
1361	35.9623
1362	36.2133
1363	36.4393
1364	36.6652
1365	36.8911
1366	37.1422
1367	37.3681
1368	37.6191
1369	37.8451
1370	38.071
1371	38.2969
1372	38.548
1373	38.7488
1374	38.9998
1375	39.2258
1376	39.4517
1377	39.7027
1378	39.9287
1379	40.1546
1380	40.4056
1381	40.6316
1382	40.8575
1383	41.1085
1384	41.3345
1385	41.5604
1386	41.7863
1387	42.0123
1388	42.2382
1389	42.4892
1390	42.7152
1391	42.9411
1392	43.167
1393	43.4181
1394	43.644
1395	43.8699
1396	44.0959
1397	44.3218
1398	44.5477
1399	44.7737
1400	44.9494
1401	45.0749
1402	2.7
1403	2.7
1404	2.7
1405	2.7
1406	2.7
1407	2.7
1408	2.7
1409	2.7
1410	2.7
1411	2.7
1412	2.7
1413	2.7
1414	2.7
1415	2.7
1416	2.7
1417	2.7
1418	2.7
1419	2.7
1420	2.7
1421	2.7
1422	2.7
1423	2.7
1424	2.7
1425	2.7
1426	2.7
1427	2.7
1428	2.7
1429	2.7
1430	2.7
1431	2.7
1432	2.7
1433	2.7
1434	2.7
1435	2.7
1436	2.7
1437	2.7
1438	2.7
1439	2.7
1440	2.7
1441	2.7
1442	2.7
1443	2.7
1444	2.7
1445	2.7
1446	2.7
1447	2.7
1448	2.7
1449	2.7
1450	2.7
1451	2.7
1452	2.7
1453	2.7
1454	2.7
1455	2.7
1456	2.7
1457	2.7
1458	2.7
1459	2.7
1460	2.7
1461	2.7
1462	2.7
1463	2.7
1464	2.7
1465	2.7
1466	2.7
1467	2.7
1468	2.7
1469	2.7
1470	2.7
1471	2.7
1472	2.7
1473	2.7
1474	2.7
1475	2.7
1476	2.7
1477	2.7
1478	2.7
1479	2.7
1480	2.7
1481	2.92593
1482	2.90083
1483	2.90083
1484	2.87573
1485	2.87573
1486	2.7
1487	2.7
1488	2.7
1489	2.7
1490	2.7
1491	2.7
1492	3.05145
1493	4.35684
1494	4.68319
1495	3.05145
1496	5.28567
1497	5.58692
1498	5.86306
1499	6.1643
1500	6.46554
1501	6.74168
1502	7.01782
1503	7.29396
1504	7.5701
1505	7.82114
1506	8.12238
1507	2.7
1508	2.7
1509	2.7
1510	2.7
1511	2.7
1512	9.10142
1513	9.10142
1514	9.12652
1515	9.12652
1516	2.7
1517	11.1348
1518	11.3356
1519	11.5867
1520	11.8628
1521	12.1139
1522	12.3649
1523	12.6159
1524	12.8921
1525	13.1431
1526	13.3941
1527	13.6452
1528	13.9213
1529	14.1724
1530	14.4234
1531	14.6744
1532	14.9255
1533	15.2016
1534	15.4275
1535	15.7037
1536	15.9547
1537	16.2057
1538	16.4568
1539	16.7329
1540	16.984
1541	17.235
1542	17.486
1543	17.7371
1544	17.9881
1545	18.2391
1546	18.4902
1547	18.7412
1548	18.9922
1549	19.2433
1550	19.4943
1551	19.7454
1552	19.9713
1553	20.2223
1554	20.4985
1555	20.7244
1556	20.9754
1557	21.2516
1558	21.4775
1559	21.7285
1560	21.9796
1561	22.2306
1562	22.4816
1563	22.7327
1564	22.9837
1565	23.2348
1566	23.4858
1567	23.7117
1568	23.9628
1569	24.2138
1570	24.4397
1571	24.6908
1572	24.9418
1573	25.1677
1574	25.4188
1575	25.6698
1576	25.8957
1577	26.1468
1578	26.3978
1579	26.6488
1580	26.8748
1581	27.1258
1582	27.3517
1583	27.6028
1584	27.8287
1585	28.0798
1586	28.3057
1587	28.5567
1588	28.7827
1589	29.0337
1590	29.2847
1591	29.5107
1592	29.7617
1593	29.9876
1594	30.2387
1595	30.4646
1596	30.7156
1597	30.9667
1598	31.1926
1599	44.5226
1600	43.2423
1601	42.7152
1602	42.0625
1603	42.1378
1604	42.3888
1605	42.8658
1606	33.0754
1607	33.3013
1608	33.5523
1609	33.7783
1610	34.0293
1611	34.2803
1612	34.5063
1613	34.7573
1614	34.9832
1615	35.2092
1616	35.4602
1617	35.7112
1618	35.9372
1619	36.1631
1620	36.389
1621	36.615
1622	36.866
1623	37.0919
1624	37.343
1625	37.5689
1626	2.7
1627	43.3176
1628	37.2426
1629	34.0293
1630	28.3559
1631	23.8874
1632	35.5355
1633	36.5648
1634	36.5397
1635	36.3639
1636	2.7
1637	2.7
1638	2.7
1639	2.7
1640	2.7
1641	41.3596
1642	41.5604
1643	41.8114
1644	42.0374
1645	42.2633
1646	42.5143
1647	42.7403
1648	42.9662
1649	43.2172
1650	43.4432
1651	43.6691
1652	43.9201
1653	44.1461
1654	44.372
1655	44.623
1656	44.849
1657	44.9996
1658	2.7
1659	2.7
1660	2.7
1661	2.7
1662	2.7
1663	2.7
1664	2.7
1665	2.7
1666	2.7
1667	2.7
1668	2.7
1669	2.7
1670	2.7
1671	2.7
1672	2.7
1673	2.7
1674	2.7
1675	2.7
1676	2.7
1677	2.7
1678	2.7
1679	2.7
1680	2.7
1681	2.7
1682	2.7
1683	2.7
1684	2.7
1685	2.7
1686	2.7
1687	2.7
1688	2.7
1689	2.7
1690	2.7
1691	2.7
1692	2.7
1693	2.7
1694	2.7
1695	2.7
1696	2.7
1697	2.7
1698	2.7
1699	2.7
1700	2.7
1701	2.7
1702	2.7
1703	2.7
1704	2.7
1705	2.7
1706	2.7
1707	2.7
1708	2.7
1709	2.7
1710	2.7
1711	2.7
1712	2.7
1713	2.7
1714	2.7
1715	2.7
1716	2.7
1717	2.7
1718	2.7
1719	2.7
1720	2.7
1721	2.7
1722	2.7
1723	2.7
1724	2.7
1725	2.7
1726	2.7
1727	2.7
1728	2.7
1729	2.7
1730	2.7
1731	2.7
1732	2.7
1733	2.7
1734	2.7
1735	2.7
1736	2.7
1737	2.7
1738	2.7
1739	2.7
1740	2.7
1741	2.7
1742	2.7
1743	2.7
1744	2.7
1745	2.7
1746	2.7
1747	2.7
1748	2.7
1749	2.7
1750	2.7
1751	2.7
1752	2.7
1753	2.7
1754	2.7
1755	2.7
1756	2.7
1757	2.7
1758	2.7
1759	43.0666
1760	39.4266
1761	31.3432
1762	2.7
1763	2.7
1764	2.7
1765	2.7
1766	2.7
1767	2.7
1768	2.7
1769	2.7
1770	2.7
1771	2.7
1772	2.7
1773	2.7
1774	2.7
1775	2.7
1776	2.7
1777	2.7
1778	2.7
1779	2.7
1780	2.7
1781	2.7
1782	2.7
1783	2.7
1784	2.7
1785	2.7
1786	2.7
1787	2.7
1788	2.7
1789	2.7
1790	2.7
1791	2.7
1792	2.7
1793	2.7
1794	2.7
1795	2.7
1796	2.7
1797	2.7
1798	2.7
1799	2.7
1800	2.7
1801	2.7
1802	2.7
1803	2.7
1804	2.7
1805	2.7
1806	2.7
1807	2.7
1808	2.7
1809	2.7
1810	2.7
1811	2.7
1812	2.7
1813	2.7
1814	2.7
1815	2.7
1816	2.7
1817	2.7
1818	2.7
1819	2.7
1820	2.7
1821	2.7
1822	2.7
1823	2.7
1824	2.7
1825	2.7
1826	2.7
1827	2.7
1828	2.7
1829	2.7
1830	2.7
1831	2.7
1832	2.7
1833	2.7
1834	2.7
1835	2.7
1836	2.7
1837	2.7
1838	2.7
1839	2.7
1840	2.7
1841	2.7
1842	2.7
1843	4.00539
1844	4.38194
1845	4.68319
1846	4.95933
1847	5.23546
1848	5.5116
1849	5.78774
1850	6.01368
1851	6.28982
1852	6.56596
1853	6.8421
1854	7.09313
1855	7.36927
1856	7.5952
1857	7.87134
1858	8.12238
1859	2.7
1860	2.7
1861	2.7
1862	2.7
1863	2.7
1864	2.7
1865	2.7
1866	2.7
1867	2.7
1868	2.7
1869	2.7
1870	11.185
1871	11.3858
1872	11.6369
1873	11.8879
1874	12.1139
1875	12.3649
1876	12.641
1877	12.867
1878	13.118
1879	13.3439
1880	13.595
1881	13.846
1882	14.097
1883	14.323
1884	14.574
1885	14.825
1886	15.0761
1887	15.302
1888	15.553
1889	15.8041
1890	16.03
1891	16.256
1892	16.507
1893	16.758
1894	16.984
1895	17.2099
1896	17.486
1897	17.712
1898	17.9379
1899	18.214
1900	18.44
1901	18.691
1902	18.9169
1903	19.168
1904	19.3939
1905	19.6198
1906	19.8709
1907	20.0968
1908	20.3478
1909	20.5989
1910	20.8248
1911	21.0758
1912	21.3018
1913	21.5528
1914	21.7787
1915	22.0047
1916	22.2306
1917	22.4816
1918	22.7076
1919	22.9586
1920	23.2348
1921	23.4356
1922	23.6615
1923	23.9126
1924	24.1385
1925	24.3644
1926	24.6155
1927	24.8414
1928	25.0673
1929	25.2933
1930	25.5443
1931	25.7702
1932	25.9962
1933	26.2472
1934	26.4731
1935	26.6991
1936	26.925
1937	27.1509
1938	27.3769
1939	27.6279
1940	27.8538
1941	28.0798
1942	28.3057
1943	28.5316
1944	28.7827
1945	29.0086
1946	29.2345
1947	29.4604
1948	29.6864
1949	29.9374
1950	30.1634
1951	30.3893
1952	30.6152
1953	30.8411
1954	31.0671
1955	31.293
1956	31.5189
1957	31.7449
1958	31.9959
1959	32.2218
1960	32.4478
1961	32.6737
1962	32.9247
1963	33.1256
1964	33.3515
1965	33.6025
1966	33.8285
1967	34.0544
1968	34.2803
1969	34.5063
1970	34.7322
1971	34.9832
1972	35.2092
1973	35.4351
1974	35.661
1975	35.887
1976	36.1129
1977	36.3388
1978	36.5648
1979	36.8158
1980	37.0166
1981	37.2426
1982	37.4936
1983	37.7195
1984	37.9204
1985	38.1714
1986	38.3973
1987	38.5982
1988	38.8743
1989	39.0751
1990	39.3011
1991	39.527
1992	39.778
1993	39.9789
1994	40.2048
1995	40.4558
1996	40.6818
1997	40.9077
1998	41.1336
1999	41.3596
2000	41.5855
2001	41.8114
2002	42.0374
2003	42.2633
2004	42.4892
2005	42.7152
2006	42.9411
2007	43.167
2008	43.393
2009	43.6189
2010	43.8197
2011	44.0456
2012	44.2716
2013	44.4975
2014	44.7234
2015	44.9243
2016	45.0247
2017	2.7
2018	2.7
2019	2.7
2020	2.7
2021	2.7
2022	2.7
2023	2.7
2024	2.7
2025	2.7
2026	2.7
2027	2.7
2028	2.7
2029	2.7
2030	2.7
2031	2.7
2032	2.7
2033	2.7
2034	2.7
2035	2.7
2036	2.7
2037	2.7
2038	2.7
2039	2.7
2040	2.7
2041	2.7
2042	2.7
2043	2.7
2044	2.7
2045	2.7
2046	2.7
2047	4.43215
2048	2.7
2049	2.7
2050	5.41119
2051	5.71243
2052	5.96347
2053	6.26471
2054	6.49065
2055	6.74168
2056	7.04292
2057	7.29396
2058	7.51989
2059	7.79603
2060	8.04707
2061	8.22279
2062	2.7
2063	2.7
2064	2.7
2065	2.7
2066	2.7
2067	2.7
2068	2.7
2069	2.7
2070	2.7
2071	2.7
2072	11.1599
2073	11.3607
2074	11.5867
2075	11.8879
2076	12.1139
2077	12.3649
2078	12.6159
2079	12.867
2080	13.118
2081	13.369
2082	13.6201
2083	13.8711
2084	14.1221
2085	14.3732
2086	14.6242
2087	14.8753
2088	15.1263
2089	15.3522
2090	15.6033
2091	15.8543
2092	16.1053
2093	16.3564
2094	16.6074
2095	16.8584
2096	17.0844
2097	17.3354
2098	17.5864
2099	17.8375
2100	18.0634
2101	18.3144
2102	18.5655
2103	18.7914
2104	19.0676
2105	19.2935
2106	19.5445
2107	19.7956
2108	20.0215
2109	20.2725
2110	20.5236
2111	20.7495
2112	21.0005
2113	21.2516
2114	21.5026
2115	21.7285
2116	21.9796
2117	22.2055
2118	22.4565
2119	22.6574
2120	22.9335
2121	23.1845
2122	23.4105
2123	23.6615
2124	23.9126
2125	24.1385
2126	24.3895
2127	24.5903
2128	24.8414
2129	25.0924
2130	25.3184
2131	25.5694
2132	25.7953
2133	26.0464
2134	26.2723
2135	26.5233
2136	26.7493
2137	26.9752
2138	27.2262
2139	27.4522
2140	27.7032
2141	27.9291
2142	28.1802
2143	28.4061
2144	28.632
2145	28.858
2146	29.109
2147	29.3349
2148	29.586
2149	29.8119
2150	30.0378
2151	30.2889
2152	30.5148
2153	30.7658
2154	30.9918
2155	31.2428
2156	31.4687
2157	31.6947
2158	31.9206
2159	32.1716
2160	32.3976
2161	32.6235
2162	32.8494
2163	33.1005
2164	33.3264
2165	33.5523
2166	33.8034
2167	34.0293
2168	34.2552
2169	34.5063
2170	34.7322
2171	34.9581
2172	35.2092
2173	35.4351
2174	35.661
2175	35.9121
2176	36.138
2177	36.3639
2178	36.5899
2179	36.8409
2180	37.0668
2181	37.2928
2182	37.5438
2183	37.7697
2184	37.9957
2185	38.2216
2186	38.4726
2187	38.6986
2188	38.9496
2189	39.1755
2190	39.4015
2191	39.6274
2192	39.8533
2193	40.1044
2194	40.3303
2195	40.5562
2196	40.7822
2197	41.0081
2198	41.2591
2199	41.4851
2200	41.711
2201	41.9369
2202	42.1629
2203	42.3888
2204	42.6398
2205	42.8658
2206	43.0917
2207	43.3176
2208	43.5436
2209	43.7695
2210	43.9954
2211	44.2214
2212	44.4473
2213	44.6732
2214	44.9243
2215	45.0247
2216	2.7
2217	2.7
2218	2.7
2219	2.7
2220	9.10142
2221	2.7
2222	9.12652
2223	2.7
2224	2.7
2225	2.7
2226	2.7
2227	2.7
2228	2.7
2229	2.7
2230	2.7
2231	2.7
2232	2.7
2233	2.7
2234	2.7
2235	2.7
2236	2.7
2237	2.7
2238	2.7
2239	2.7
2240	2.7
2241	2.7
2242	2.7
2243	2.7
2244	2.7
2245	2.7
2246	2.7
2247	2.7
2248	2.7
2249	2.7
2250	2.7
2251	2.7
2252	2.7
2253	2.7
2254	2.7
2255	2.7
2256	2.7
2257	2.7
2258	2.7
2259	2.7
2260	2.7
2261	2.7
2262	2.7
2263	3.10166
2264	4.18111
2265	4.50746
2266	4.7585
2267	5.05974
2268	5.43629
2269	5.61202
2270	5.88816
2271	6.1643
2272	6.41533
2273	6.69147
2274	6.96761
2275	7.21865
2276	7.49479
2277	7.74583
2278	7.99686
2279	8.22279
2280	2.7
2281	2.7
2282	2.7
2283	2.7
2284	2.7
2285	2.7
2286	2.7
2287	2.7
2288	2.7
2289	2.7
2290	11.1348
2291	11.2854
2292	11.5365
2293	11.7875
2294	12.0385
2295	12.2896
2296	12.5406
2297	12.7917
2298	13.0427
2299	13.2686
2300	13.5197
2301	13.7958
2302	14.0217
2303	14.2728
2304	14.5238
2305	14.7748
2306	15.0259
2307	15.2769
2308	15.5028
2309	15.7539
2310	16.0049
2311	16.2308
2312	16.4819
2313	16.7329
2314	16.9589
2315	17.2099
2316	17.4358
2317	17.712
2318	17.9379
2319	18.1889
2320	18.4149
2321	18.6659
2322	18.8918
2323	19.1429
2324	19.3939
2325	19.6198
2326	19.8709
2327	20.0968
2328	20.3478
2329	20.5989
2330	20.8248
2331	21.0758
2332	21.3018
2333	21.5528
2334	21.7787
2335	22.0047
2336	22.2557
2337	22.4816
2338	22.7076
2339	22.9837
2340	23.2348
2341	23.4607
2342	23.6866
2343	23.9126
2344	24.1636
2345	24.3895
2346	24.6155
2347	24.8665
2348	25.0924
2349	25.3184
2350	25.5694
2351	25.7953
2352	26.0213
2353	26.2472
2354	26.4982
2355	26.7242
2356	26.9501
2357	27.176
2358	27.4271
2359	27.653
2360	27.904
2361	28.13
2362	28.3559
2363	28.5818
2364	28.8078
2365	29.0588
2366	29.2847
2367	29.5107
2368	29.7366
2369	29.9876
2370	30.2136
2371	30.4395
2372	30.6654
2373	30.8914
2374	31.1173
2375	31.3683
2376	31.5943
2377	31.8202
2378	32.0461
2379	32.2972
2380	32.5231
2381	32.749
2382	32.975
2383	33.2009
2384	33.4268
2385	33.6528
2386	33.9038
2387	34.1297
2388	34.3557
2389	34.5816
2390	34.8075
2391	35.0335
2392	35.2845
2393	35.5104
2394	35.7364
2395	35.9623
2396	36.1882
2397	36.4142
2398	36.6401
2399	36.866
2400	37.0919
2401	37.343
2402	37.5689
2403	37.7948
2404	38.0208
2405	38.2467
2406	38.4726
2407	38.6986
2408	38.9496
2409	39.1504
2410	39.4015
2411	39.6023
2412	39.8282
2413	40.0793
2414	40.3052
2415	40.506
2416	40.7571
2417	40.983
2418	41.2089
2419	41.4349
2420	41.6608
2421	41.8867
2422	42.1127
2423	42.3386
2424	42.5645
2425	42.7905
2426	43.0164
2427	43.2423
2428	43.4683
2429	43.6691
2430	43.895
2431	44.1461
2432	44.372
2433	44.5979
2434	44.7988
2435	44.9745
2436	2.97614
2437	2.7
2438	2.7
2439	2.7
2440	2.7
2441	2.7
2442	2.7
2443	2.7
2444	2.7
2445	2.7
2446	2.7
2447	2.7
2448	2.7
2449	2.7
2450	2.7
2451	2.7
2452	2.7
2453	2.7
2454	2.7
2455	4.7585
2456	5.03464
2457	5.31078
2458	5.61202
2459	5.88816
2460	6.13919
2461	6.41533
2462	6.69147
2463	6.96761
2464	7.24375
2465	7.51989
2466	7.77093
2467	8.02197
2468	8.22279
2469	2.7
2470	2.7
2471	2.7
2472	2.7
2473	2.7
2474	2.7
2475	2.7
2476	2.7
2477	2.7
2478	2.7
2479	11.2352
2480	11.411
2481	11.6871
2482	11.9381
2483	12.1892
2484	12.4402
2485	12.7163
2486	12.9674
2487	13.2184
2488	13.4694
2489	13.7205
2490	13.9715
2491	14.2226
2492	14.4736
2493	14.7246
2494	14.9757
2495	15.2518
2496	15.5028
2497	15.7539
2498	15.9798
2499	16.2308
2500	16.4819
2501	16.7329
2502	16.984
2503	17.235
2504	17.486
2505	17.7371
2506	17.9881
2507	18.214
2508	18.4902
2509	18.7161
2510	18.9922
2511	19.2433
2512	19.4692
2513	19.7202
2514	19.9713
2515	20.2223
2516	20.4483
2517	20.6993
2518	20.9503
2519	21.1763
2520	21.4273
2521	21.6783
2522	21.9043
2523	22.1553
2524	22.4063
2525	22.6072
2526	22.9084
2527	23.1594
2528	23.3603
2529	23.6113
2530	23.8623
2531	24.0883
2532	24.3393
2533	24.5903
2534	24.8163
2535	25.0673
2536	25.2933
2537	25.5443
2538	25.7702
2539	25.9962
2540	26.2472
2541	26.4731
2542	26.7242
2543	26.9752
2544	27.2011
2545	27.4522
2546	27.6781
2547	27.9291
2548	28.1551
2549	28.4061
2550	28.632
2551	28.858
2552	29.109
2553	29.36
2554	29.586
2555	29.8119
2556	30.0629
2557	30.2889
2558	30.5399
2559	30.7658
2560	30.9918
2561	31.2428
2562	31.4938
2563	31.7198
2564	31.9457
2565	32.1967
2566	32.4227
2567	32.6486
2568	32.8996
2569	33.1256
2570	33.3766
2571	33.6025
2572	33.8285
2573	34.0795
2574	34.3054
2575	34.5565
2576	34.7824
2577	35.0083
2578	35.2343
2579	35.4853
2580	35.7112
2581	35.9623
2582	36.1882
2583	36.4393
2584	36.6652
2585	36.8911
2586	37.1422
2587	37.3681
2588	37.6191
2589	37.8451
2590	38.071
2591	38.2969
2592	38.548
2593	38.7739
2594	39.0249
2595	39.2509
2596	39.4768
2597	39.7027
2598	39.9538
2599	40.1797
2600	40.4056
2601	40.6316
2602	40.8826
2603	41.1085
2604	41.3345
2605	41.5855
2606	41.8114
2607	42.0374
2608	42.2633
2609	42.5143
2610	42.7403
2611	42.9662
2612	43.1921
2613	43.4432
2614	43.644
2615	43.895
2616	44.121
2617	44.3469
2618	44.5979
2619	44.7988
2620	44.9745
2621	2.7
2622	2.7
2623	2.7
2624	2.7
2625	2.7
2626	2.7
2627	2.7
2628	2.7
2629	2.7
2630	2.7
2631	2.7
2632	2.7
2633	2.7
2634	2.7
2635	2.7
2636	2.7
2637	2.7
2638	2.7
2639	2.7
2640	2.7
2641	2.7
2642	2.7
2643	2.7
2644	2.7
2645	2.7
2646	2.7
2647	2.7
2648	2.7
2649	2.7
2650	2.7
2651	2.7
2652	2.7
2653	2.7
2654	2.7
2655	2.7
2656	2.7
2657	2.7
2658	2.7
2659	2.7
2660	2.7
2661	2.7
2662	2.7
2663	2.7
2664	2.7
2665	2.7
2666	2.7
2667	2.7
2668	2.7
2669	2.7
2670	2.7
2671	2.7
2672	2.7
2673	2.7
2674	2.7
2675	2.7
2676	2.7
2677	2.7
2678	2.7
2679	2.7
2680	4.0556
2681	4.43215
2682	4.70829
2683	5.03464
2684	5.33588
2685	5.58692
2686	5.86306
2687	6.1643
2688	6.44044
2689	6.69147
2690	6.96761
2691	7.24375
2692	7.49479
2693	7.74583
2694	8.02197
2695	8.22279
2696	2.7
2697	2.7
2698	2.7
2699	2.7
2700	2.7
2701	2.7
2702	2.7
2703	2.7
2704	2.7
2705	2.7
2706	11.1348
2707	11.2854
2708	11.5616
2709	11.7875
2710	12.0385
2711	12.3147
2712	12.5406
2713	12.7917
2714	13.0427
2715	13.2937
2716	13.5448
2717	13.7958
2718	14.0217
2719	14.2728
2720	14.4987
2721	14.7497
2722	15.0008
2723	15.2518
2724	15.4777
2725	15.7288
2726	15.9798
2727	16.2057
2728	16.4568
2729	16.7078
2730	16.9589
2731	17.2099
2732	17.4358
2733	17.6869
2734	17.9379
2735	18.1638
2736	18.4149
2737	18.6659
2738	18.8918
2739	19.1429
2740	19.3939
2741	19.6198
2742	19.8709
2743	20.1219
2744	20.3478
2745	20.5989
2746	20.8499
2747	21.0758
2748	21.3269
2749	21.5779
2750	21.8038
2751	22.0549
2752	22.2808
2753	22.5319
2754	22.7829
2755	23.0088
2756	23.285
2757	23.5109
2758	23.7368
2759	23.9879
2760	24.2138
2761	24.4648
2762	24.6908
2763	24.9167
2764	25.1677
2765	25.3937
2766	25.6196
2767	25.8706
2768	26.0966
2769	26.3225
2770	26.5735
2771	26.7995
2772	27.0254
2773	27.2764
2774	27.5024
2775	27.7283
2776	27.9793
2777	28.2053
2778	28.4563
2779	28.6822
2780	28.8831
2781	29.1341
2782	29.36
2783	29.586
2784	29.837
2785	30.0629
2786	30.2889
2787	30.5148
2788	30.7658
2789	30.9918
2790	31.2177
2791	31.4436
2792	31.6696
2793	31.8955
2794	32.1214
2795	32.3474
2796	32.5984
2797	32.8243
2798	33.0503
2799	33.2762
2800	33.5021
2801	33.7281
2802	33.9791
2803	34.205
2804	34.431
2805	34.6569
2806	34.8828
2807	35.1088
2808	35.3347
2809	35.5606
2810	35.7866
2811	36.0376
2812	36.2635
2813	36.4895
2814	36.7154
2815	36.9413
2816	37.1673
2817	37.3932
2818	37.6191
2819	37.8451
2820	38.071
2821	38.2969
2822	38.5229
2823	38.7739
2824	38.9998
2825	39.2258
2826	39.4517
2827	39.6776
2828	39.9036
2829	40.1295
2830	40.3554
2831	40.5813
2832	40.8324
2833	41.0332
2834	41.2843
2835	41.5102
2836	41.7361
2837	41.962
2838	42.188
2839	42.4139
2840	42.6398
2841	42.8909
2842	43.0917
2843	43.3176
2844	43.5436
2845	43.7695
2846	43.9954
2847	44.2465
2848	44.4724
2849	44.6983
2850	44.9243
2851	45.0247
2852	2.7
2853	2.7
2854	2.7
2855	2.7
2856	2.7
2857	2.7
2858	2.7
2859	2.7
2860	2.7
2861	2.7
2862	2.7
2863	2.7
2864	2.7
2865	2.7
2866	2.7
2867	2.7
2868	2.7
2869	2.7
2870	2.7
2871	2.7
2872	2.7
2873	2.7
2874	2.7
2875	2.7
2876	2.7
2877	2.7
2878	2.7
2879	2.7
2880	2.7
2881	2.7
2882	2.7
2883	2.7
2884	2.7
2885	2.7
2886	2.7
2887	2.7
2888	2.7
2889	2.7
2890	2.7
2891	2.7
2892	2.7
2893	2.7
2894	2.7
2895	2.7
2896	2.7
2897	2.7
2898	2.7
2899	2.7
2900	2.7
2901	2.7
2902	2.7
2903	2.7
2904	2.7
2905	2.7
2906	2.7
2907	2.7
2908	2.7
2909	2.7
2910	2.7
2911	2.7
2912	2.7
2913	2.7
2914	2.7
2915	2.7
2916	2.7
2917	2.7
2918	2.7
2919	2.7
2920	2.7
2921	2.7
2922	2.7
2923	2.7
2924	2.7
2925	2.7
2926	2.7
2927	2.7
2928	2.7
2929	2.7
2930	2.7
2931	2.7
2932	2.7
2933	2.7
2934	2.7
2935	2.7
2936	2.7
2937	2.7
2938	2.7
2939	2.7
2940	2.7
2941	2.7
2942	2.7
2943	2.7
2944	2.7
2945	2.7
2946	4.40705
2947	4.65808
2948	5.03464
2949	2.7
2950	5.61202
2951	5.91326
2952	6.1894
2953	6.46554
2954	6.76679
2955	7.01782
2956	7.29396
2957	7.5952
2958	7.82114
2959	8.09728
2960	2.7
2961	2.7
2962	2.7
2963	9.17673
2964	2.7
2965	2.7
2966	2.7
2967	2.7
2968	2.7
2969	2.7
2970	2.7
2971	11.2352
2972	11.4863
2973	11.7122
2974	11.9883
2975	12.2645
2976	12.4904
2977	12.7414
2978	13.0176
2979	13.2435
2980	13.4946
2981	13.7456
2982	13.9966
2983	14.2728
2984	14.5238
2985	14.7748
2986	15.0259
2987	15.2769
2988	15.5279
2989	15.779
2990	16.0551
2991	16.2811
2992	16.5321
2993	16.7831
2994	17.0342
2995	17.2852
2996	17.5362
2997	17.7873
2998	18.0383
2999	18.2893
3000	18.5404
3001	18.7914
3002	19.0173
3003	19.2684
3004	19.5194
3005	19.7705
3006	20.0215
3007	20.2725
3008	20.4985
3009	20.7495
3010	21.0005
3011	21.2516
3012	21.4775
3013	21.7285
3014	21.9796
3015	22.2055
3016	22.4565
3017	22.7076
3018	22.9586
3019	23.1845
3020	23.4356
3021	23.6866
3022	23.9126
3023	24.1636
3024	24.4146
3025	24.6406
3026	24.8916
3027	25.1426
3028	25.3686
3029	25.6196
3030	25.8455
3031	26.1217
3032	26.3476
3033	26.5986
3034	26.8246
3035	27.0505
3036	27.3015
3037	27.5526
3038	27.7785
3039	28.0044
3040	28.2555
3041	28.4814
3042	28.7324
3043	28.9835
3044	29.2094
3045	29.4353
3046	29.6864
3047	29.9123
3048	30.1634
3049	30.3893
3050	30.6403
3051	30.8663
3052	31.1173
3053	31.3432
3054	31.5943
3055	31.8202
3056	32.0712
3057	32.2972
3058	32.5482
3059	32.7741
3060	33.0252
3061	33.2511
3062	33.477
3063	33.7281
3064	33.954
3065	34.205
3066	34.431
3067	34.682
3068	34.9079
3069	35.159
3070	35.3849
3071	35.6359
3072	35.8619
3073	36.1129
3074	36.3388
3075	36.5648
3076	36.8158
3077	37.0417
3078	37.2677
3079	37.5187
3080	37.7446
3081	37.9957
3082	38.2216
3083	38.4726
3084	38.6735
3085	38.9496
3086	39.1755
3087	39.4015
3088	39.6525
3089	39.8784
3090	40.1044
3091	40.3554
3092	40.5813
3093	40.8073
3094	41.0583
3095	41.2843
3096	41.5353
3097	41.7612
3098	41.9872
3099	42.2131
3100	42.4641
3101	42.6901
3102	42.916
3103	43.167
3104	43.393
3105	43.6189
3106	43.8448
3107	44.0708
3108	44.3218
3109	44.5477
3110	44.7737
3111	44.9494
3112	2.7
3113	2.7
3114	2.7
3115	2.7
3116	2.7
3117	2.7
3118	2.7
3119	2.7
3120	2.7
3121	2.7
3122	2.7
3123	2.7
3124	2.7
3125	2.7
3126	2.7
3127	2.7
3128	3.12676
3129	3.12676
3130	3.10166
3131	2.7
3132	3.12676
3133	3.90497
3134	4.25642
3135	4.58277
3136	3.00124
3137	5.21036
3138	5.5116
3139	5.86306
3140	6.1643
3141	6.46554
3142	6.76679
3143	7.04292
3144	7.36927
3145	7.64541
3146	7.94665
3147	8.17259
3148	2.7
3149	2.7
3150	2.7
3151	2.7
3152	2.7
3153	2.7
3154	2.7
3155	2.7
3156	2.7
3157	2.7
3158	11.2352
3159	11.5114
3160	11.7373
3161	11.9883
3162	12.2645
3163	12.5406
3164	12.7665
3165	13.0427
3166	13.2686
3167	13.5448
3168	13.7958
3169	14.0468
3170	14.2979
3171	14.574
3172	14.7999
3173	15.051
3174	15.302
3175	15.553
3176	15.8041
3177	16.0551
3178	16.3062
3179	16.5572
3180	16.8082
3181	17.0593
3182	17.3103
3183	17.5613
3184	17.7873
3185	18.0383
3186	18.2893
3187	18.5404
3188	18.7914
3189	19.0425
3190	19.2684
3191	19.5194
3192	19.7705
3193	19.9964
3194	20.2474
3195	20.4985
3196	20.7244
3197	20.9754
3198	21.2265
3199	21.4775
3200	21.7285
3201	21.9545
3202	22.2055
3203	22.4314
3204	22.6574
3205	22.9335
3206	23.1845
3207	23.4105
3208	23.6364
3209	23.9126
3210	24.1385
3211	24.3644
3212	24.6155
3213	24.8665
3214	25.0673
3215	25.3184
3216	25.5694
3217	25.7953
3218	26.0464
3219	26.2723
3220	26.5233
3221	26.7493
3222	27.0003
3223	27.2262
3224	27.4522
3225	27.7032
3226	27.9291
3227	28.1802
3228	28.4312
3229	28.6571
3230	28.8831
3231	29.1341
3232	29.36
3233	29.6111
3234	29.837
3235	30.0629
3236	30.314
3237	30.5399
3238	30.7658
3239	31.0169
3240	31.2679
3241	31.4938
3242	31.7198
3243	31.9708
3244	32.1967
3245	32.4227
3246	32.6486
3247	32.8996
3248	33.1256
3249	33.3515
3250	33.5774
3251	33.8285
3252	34.0795
3253	34.3054
3254	34.5314
3255	34.7573
3256	35.0083
3257	35.2343
3258	35.4853
3259	35.7112
3260	35.9372
3261	36.1631
3262	36.4142
3263	36.6401
3264	36.866
3265	37.1171
3266	37.343
3267	37.5689
3268	37.7948
3269	38.0459
3270	38.2718
3271	38.5229
3272	38.7488
3273	38.9747
3274	39.2007
3275	39.4517
3276	39.6776
3277	39.9036
3278	40.1546
3279	40.3805
3280	40.6065
3281	40.8575
3282	41.0834
3283	41.3094
3284	41.5353
3285	41.7612
3286	42.0123
3287	42.2131
3288	42.4641
3289	42.6901
3290	42.9411
3291	43.167
3292	43.393
3293	43.6189
3294	43.8448
3295	44.0959
3296	44.3218
3297	44.5477
3298	44.7737
3299	44.9494
3300	45.0749
3301	2.7
3302	2.7
3303	2.7
3304	2.7
3305	2.7
3306	2.7
3307	2.7
3308	2.7
3309	2.7
3310	2.7
3311	2.7
3312	2.7
3313	2.7
3314	2.7
3315	2.7
3316	2.7
3317	2.7
3318	2.7
3319	2.7
3320	2.7
3321	3.57863
3322	3.93008
3323	4.23132
3324	4.53256
3325	4.8087
3326	5.08484
3327	5.36098
3328	5.63712
3329	5.93837
3330	6.1894
3331	6.49065
3332	6.76679
3333	7.01782
3334	7.29396
3335	7.5701
3336	7.82114
3337	8.09728
3338	8.273
3339	2.7
3340	2.7
3341	2.7
3342	2.7
3343	2.7
3344	2.7
3345	2.7
3346	2.7
3347	2.7
3348	2.7
3349	11.2603
3350	11.4863
3351	11.7373
3352	12.0134
3353	12.2645
3354	12.5155
3355	12.7665
3356	13.0176
3357	13.2686
3358	13.5197
3359	13.7707
3360	14.0217
3361	14.2728
3362	14.5238
3363	14.7748
3364	15.0259
3365	15.2769
3366	15.5279
3367	15.779
3368	16.03
3369	16.256
3370	16.507
3371	16.758
3372	17.0091
3373	17.2601
3374	17.5111
3375	17.7371
3376	17.9881
3377	18.2391
3378	18.4902
3379	18.7412
3380	18.9922
3381	19.2182
3382	19.4692
3383	19.7202
3384	19.9462
3385	20.1972
3386	20.4483
3387	20.6742
3388	20.9252
3389	21.1763
3390	21.4273
3391	21.6532
3392	21.8792
3393	22.1302
3394	22.3812
3395	22.557
3396	22.8331
3397	2.7
3398	23.3352
3399	23.5611
3400	23.8121
3401	24.0381
3402	24.2891
3403	24.515
3404	24.741
3405	24.9669
3406	25.2179
3407	25.469
3408	25.6949
3409	25.9208
3410	26.1468
3411	26.3978
3412	26.6237
3413	26.8748
3414	27.1007
3415	27.3517
3416	27.5777
3417	27.8036
3418	28.0546
3419	28.3057
3420	28.5316
3421	28.7575
3422	29.0086
3423	29.2345
3424	29.4604
3425	29.7115
3426	29.9374
3427	30.1634
3428	30.4144
3429	30.6403
3430	30.8914
3431	31.1173
3432	31.3432
3433	31.5692
3434	31.8202
3435	32.0461
3436	32.2721
3437	32.5231
3438	32.749
3439	33.0001
3440	33.226
3441	33.4519
3442	33.703
3443	33.9289
3444	34.1548
3445	34.4059
3446	34.6318
3447	34.8828
3448	35.1088
3449	35.3347
3450	35.5857
3451	35.8117
3452	36.0376
3453	36.2886
3454	36.5146
3455	36.7405
3456	36.9664
3457	37.2175
3458	37.4434
3459	37.6693
3460	37.9204
3461	38.1463
3462	38.3722
3463	38.5982
3464	38.8492
3465	39.0751
3466	39.3011
3467	39.527
3468	39.778
3469	40.004
3470	40.2299
3471	40.4809
3472	40.7069
3473	40.9328
3474	41.1587
3475	41.3847
3476	41.6357
3477	41.8616
3478	42.0876
3479	42.2884
3480	42.5394
3481	42.7654
3482	42.9913
3483	43.2172
3484	43.4683
3485	43.6691
3486	43.9201
3487	44.1461
3488	44.372
3489	44.5979
3490	44.8239
3491	44.9745
3492	2.7
3493	2.7
3494	2.7
3495	2.7
3496	2.7
3497	2.7
3498	2.7
3499	3.67904
3500	4.0556
3501	4.40705
3502	4.70829
3503	5.05974
3504	5.33588
3505	5.61202
3506	5.88816
3507	6.1643
3508	6.44044
3509	6.69147
3510	6.99272
3511	7.29396
3512	7.51989
3513	7.82114
3514	8.07217
3515	2.7
3516	2.7
3517	2.7
3518	2.7
3519	2.7
3520	2.7
3521	2.7
3522	2.7
3523	2.7
3524	2.7
3525	2.7
3526	11.2603
3527	11.4863
3528	11.7624
3529	12.0385
3530	12.2896
3531	12.5657
3532	12.8168
3533	13.0929
3534	13.3439
3535	13.6201
3536	13.8711
3537	14.1221
3538	14.3732
3539	14.6242
3540	14.9004
3541	15.1514
3542	15.3773
3543	15.6535
3544	15.9045
3545	16.1555
3546	16.4066
3547	16.6576
3548	16.9086
3549	17.1597
3550	17.4107
3551	17.6618
3552	17.9128
3553	18.1387
3554	18.3898
3555	18.6408
3556	18.8918
3557	19.1178
3558	19.3688
3559	19.6198
3560	19.8458
3561	20.0717
3562	20.3227
3563	20.5738
3564	20.8248
3565	21.0507
3566	21.2767
3567	21.5277
3568	21.7536
3569	22.0047
3570	22.2306
3571	22.4565
3572	22.6825
3573	22.9837
3574	23.2097
3575	23.4105
3576	23.6364
3577	23.8874
3578	24.1134
3579	24.3644
3580	24.5903
3581	24.7912
3582	25.0422
3583	25.2681
3584	25.4941
3585	25.72
3586	25.971
3587	26.197
3588	26.4229
3589	26.6488
3590	26.8748
3591	27.1007
3592	27.3517
3593	27.5777
3594	27.8036
3595	28.0295
3596	28.2555
3597	28.4814
3598	28.7073
3599	28.9333
3600	29.1843
3601	29.3851
3602	29.6362
3603	29.8621
3604	30.088
3605	30.314
3606	30.5399
3607	30.7658
3608	30.9918
3609	31.2428
3610	31.4687
3611	31.6947
3612	31.9206
3613	32.1465
3614	32.3725
3615	32.5984
3616	32.8243
3617	33.0503
3618	33.2762
3619	33.5021
3620	33.7281
3621	33.954
3622	34.1799
3623	34.4059
3624	34.6318
3625	34.8577
3626	35.0837
3627	35.3096
3628	35.5355
3629	35.7615
3630	36.0125
3631	36.2133
3632	36.4393
3633	36.6652
3634	36.8911
3635	37.1422
3636	37.3681
3637	37.594
3638	37.82
3639	38.0459
3640	38.2718
3641	38.4978
3642	38.7237
3643	38.9496
3644	39.1755
3645	39.4266
3646	39.6274
3647	39.8533
3648	40.1044
3649	40.3303
3650	40.5562
3651	40.7822
3652	40.983
3653	41.234
3654	41.46
3655	41.6859
3656	41.9118
3657	42.1378
3658	42.3637
3659	42.5896
3660	42.8156
3661	43.0415
3662	43.2674
3663	43.4934
3664	43.7193
3665	43.9452
3666	44.1712
3667	44.3971
3668	44.623
3669	44.849
3670	44.9996
3671	2.7
3672	2.7
3673	2.7
3674	2.7
3675	2.7
3676	2.7
3677	2.7
3678	2.7
3679	2.97614
3680	2.97614
3681	2.95104
3682	2.95104
3683	2.95104
3684	2.97614
3685	2.97614
3686	2.7
3687	2.7
3688	2.7
3689	2.7
3690	2.7
3691	2.7
3692	3.07655
3693	3.60373
3694	4.00539
3695	4.30663
3696	4.58277
3697	4.85891
3698	5.13505
3699	5.41119
3700	5.68733
3701	5.96347
3702	6.21451
3703	6.49065
3704	6.81699
3705	7.04292
3706	7.29396
3707	7.5952
3708	7.79603
3709	8.09728
3710	2.7
3711	2.7
3712	2.7
3713	2.7
3714	2.7
3715	2.7
3716	2.7
3717	2.7
3718	2.7
3719	2.7
3720	2.7
3721	11.185
3722	11.3858
3723	11.6369
3724	11.8628
3725	12.139
3726	12.3649
3727	12.6159
3728	12.867
3729	13.0929
3730	13.369
3731	13.595
3732	13.846
3733	14.097
3734	14.3481
3735	14.5991
3736	14.8501
3737	15.1012
3738	15.3271
3739	15.5782
3740	15.8292
3741	16.0802
3742	16.3062
3743	16.5572
3744	16.8082
3745	17.0593
3746	17.3103
3747	17.5362
3748	17.7873
3749	18.0383
3750	18.2642
3751	18.5153
3752	18.7663
3753	18.9922
3754	19.2433
3755	19.4692
3756	19.7202
3757	19.9713
3758	20.1972
3759	20.4483
3760	20.6742
3761	20.9252
3762	21.1763
3763	21.4022
3764	21.6532
3765	21.8792
3766	22.1302
3767	22.3561
3768	22.5821
3769	22.8582
3770	23.0841
3771	23.3101
3772	23.536
3773	23.787
3774	24.013
3775	24.264
3776	24.515
3777	24.741
3778	24.9669
3779	25.1928
3780	25.4439
3781	25.6698
3782	25.8957
3783	26.1468
3784	26.3727
3785	26.6237
3786	26.8497
3787	27.0756
3788	27.3266
3789	27.5526
3790	27.7785
3791	28.0295
3792	28.2555
3793	28.4814
3794	28.7073
3795	28.9584
3796	29.1843
3797	29.4102
3798	29.6613
3799	29.8872
3800	30.1131
3801	30.3391
3802	30.565
3803	30.816
3804	31.042
3805	31.2679
3806	31.4938
3807	31.7198
3808	31.9457
3809	32.1967
3810	32.4227
3811	32.6486
3812	32.8996
3813	33.1005
3814	33.3515
3815	33.5774
3816	33.8034
3817	34.0293
3818	34.2803
3819	34.4812
3820	34.7322
3821	34.9581
3822	35.1841
3823	35.41
3824	35.661
3825	35.8619
3826	36.1129
3827	36.3388
3828	36.5648
3829	36.7907
3830	37.0166
3831	37.2426
3832	37.4936
3833	37.7195
3834	37.9455
3835	38.1714
3836	38.3973
3837	38.5982
3838	38.8743
3839	39.1002
3840	39.3011
3841	39.5521
3842	39.778
3843	40.004
3844	40.2299
3845	40.4558
3846	40.6818
3847	40.9077
3848	41.1336
3849	41.3596
3850	41.5855
3851	41.8365
3852	42.0374
3853	42.2633
3854	42.4892
3855	42.7152
3856	42.9411
3857	43.1921
3858	43.4181
3859	43.6189
3860	43.8448
3861	44.0708
3862	44.2967
3863	44.5226
3864	44.7485
3865	44.9494
3866	45.0498
3867	2.7
3868	2.7
3869	2.7
3870	2.7
3871	2.7
3872	2.7
3873	2.7
3874	2.7
3875	2.7
3876	2.7
3877	2.7
3878	2.7
3879	2.7
3880	2.7
3881	2.7
3882	2.7
3883	2.7
3884	2.7
3885	2.7
3886	2.7
3887	2.7
3888	3.12676
3889	3.12676
3890	17.4358
3891	3.65394
3892	4.00539
3893	4.38194
3894	4.63298
3895	4.90912
3896	2.97614
3897	5.43629
3898	5.71243
3899	5.98857
3900	6.21451
3901	6.49065
3902	6.76679
3903	7.04292
3904	7.29396
3905	7.5701
3906	7.82114
3907	8.09728
3908	2.7
3909	9.07632
3910	9.07632
3911	9.05121
3912	9.05121
3913	9.05121
3914	9.05121
3915	9.05121
3916	2.7
3917	2.7
3918	2.7
3919	11.185
3920	11.411
3921	11.662
3922	11.9381
3923	12.1892
3924	12.4151
3925	12.6661
3926	12.9172
3927	13.1431
3928	13.3941
3929	13.6452
3930	13.8962
3931	14.1472
3932	14.3983
3933	14.6493
3934	14.9004
3935	15.1514
3936	15.4024
3937	15.6535
3938	15.8794
3939	16.1304
3940	16.3815
3941	16.6074
3942	16.8584
3943	17.1095
3944	17.3605
3945	17.6115
3946	17.8375
3947	18.0885
3948	18.3396
3949	18.5906
3950	18.8416
3951	19.0676
3952	19.3186
3953	19.5445
3954	19.7956
3955	20.0466
3956	43.3176
3957	20.5236
3958	20.7495
3959	21.0005
3960	21.2265
3961	21.4775
3962	21.7034
3963	21.9545
3964	22.1804
3965	22.4063
3966	22.6574
3967	22.9586
3968	23.1594
3969	23.3854
3970	23.6364
3971	23.8623
3972	24.0883
3973	24.3393
3974	24.5652
3975	24.7912
3976	25.0422
3977	25.2681
3978	25.4941
3979	25.7451
3980	25.971
3981	26.197
3982	26.448
3983	26.6739
3984	26.8999
3985	27.1258
3986	27.3769
3987	27.6028
3988	27.8538
3989	28.0798
3990	28.3057
3991	28.5316
3992	28.7575
3993	29.0086
3994	29.2345
3995	29.4856
3996	29.7115
3997	29.9374
3998	30.1634
3999	30.4144
4000	30.6403
4001	30.8663
4002	31.1173
4003	31.3432
4004	31.5692
4005	31.8202
4006	32.0461
4007	32.2721
4008	32.5231
4009	32.749
4010	32.975
4011	33.2009
4012	33.4519
4013	33.6528
4014	33.9038
4015	34.1297
4016	34.3557
4017	34.5816
4018	34.8075
4019	35.0335
4020	35.2845
4021	35.5104
4022	35.7364
4023	35.9623
4024	36.2133
4025	36.4393
4026	36.6652
4027	36.8911
4028	37.1171
4029	37.3681
4030	37.594
4031	37.82
4032	38.0459
4033	38.2718
4034	38.5229
4035	38.7488
4036	38.9998
4037	39.2007
4038	39.4266
4039	39.6525
4040	39.9036
4041	40.1295
4042	40.3554
4043	40.5813
4044	40.8073
4045	41.0583
4046	41.2591
4047	41.5102
4048	41.7361
4049	41.962
4050	42.188
4051	42.4139
4052	42.6398
4053	42.8658
4054	43.1168
4055	43.3427
4056	43.5687
4057	43.7946
4058	44.0205
4059	44.2465
4060	44.4724
4061	44.6983
4062	44.9243
4063	45.0247
4064	2.7
4065	2.7
4066	2.7
4067	2.7
4068	2.7
4069	2.7
4070	2.7
4071	2.7
4072	2.7
4073	2.7
4074	2.7
4075	2.7
4076	2.7
4077	2.7
4078	2.7
4079	2.7
4080	2.7
4081	2.7
4082	2.7
4083	2.7
4084	2.7
4085	2.7
4086	2.7
4087	2.7
4088	2.7
4089	2.7
4090	2.7
4091	2.7
4092	3.10166
4093	3.93008
4094	4.30663
4095	4.55767
4096	4.88401
4097	5.21036
4098	5.5116
4099	5.78774
4100	6.06388
4101	2.92593
4102	6.71658
4103	2.92593
4104	7.29396
4105	7.5952
4106	7.84624
4107	8.12238
4108	2.7
4109	2.7
4110	2.7
4111	2.7
4112	2.7
4113	2.7
4114	2.7
4115	2.7
4116	2.7
4117	2.7
4118	2.7
4119	11.3607
4120	11.5867
4121	11.8377
4122	12.1139
4123	12.3649
4124	12.641
4125	12.8921
4126	13.1682
4127	13.4192
4128	13.6954
4129	13.9464
4130	14.1724
4131	14.4485
4132	14.6995
4133	14.9506
4134	15.2267
4135	15.4526
4136	15.7288
4137	15.9798
4138	16.2308
4139	16.4819
4140	16.7329
4141	16.984
4142	17.235
4143	17.486
4144	17.7371
4145	17.9881
4146	18.2391
4147	18.4902
4148	18.7412
4149	19.0173
4150	19.2433
4151	19.4943
4152	19.7454
4153	19.9713
4154	20.2223
4155	20.4734
4156	20.7244
4157	20.9754
4158	21.2265
4159	21.4524
4160	21.7034
4161	21.9545
4162	22.2055
4163	22.4314
4164	22.6072
4165	2.7
4166	2.7
4167	23.4607
4168	23.6866
4169	23.9126
4170	24.1636
4171	24.3644
4172	24.6406
4173	24.8665
4174	25.0924
4175	25.3184
4176	25.5945
4177	25.8204
4178	26.0464
4179	26.2723
4180	26.5233
4181	26.7493
4182	27.0003
4183	27.2262
4184	27.4773
4185	27.7032
4186	27.9542
4187	28.1802
4188	28.4312
4189	28.6571
4190	28.8831
4191	29.1341
4192	29.36
4193	29.586
4194	29.837
4195	30.0629
4196	30.314
4197	30.5399
4198	30.7658
4199	31.0169
4200	31.2428
4201	31.4687
4202	31.7198
4203	31.9457
4204	32.1716
4205	32.4227
4206	32.6486
4207	32.8745
4208	33.1256
4209	33.3515
4210	33.5774
4211	33.8285
4212	34.0544
4213	34.2803
4214	34.5063
4215	34.7573
4216	34.9832
4217	35.2092
4218	35.4602
4219	35.6861
4220	35.9121
4221	36.1631
4222	36.389
4223	36.615
4224	36.866
4225	37.0919
4226	37.3179
4227	37.5689
4228	37.7948
4229	38.0208
4230	38.2467
4231	38.4978
4232	38.6986
4233	38.9747
4234	39.1755
4235	39.4015
4236	39.6525
4237	39.8784
4238	40.1295
4239	40.3554
4240	40.5813
4241	40.8324
4242	41.0583
4243	41.2843
4244	41.5102
4245	41.7612
4246	41.9872
4247	42.2131
4248	42.439
4249	42.6649
4250	42.916
4251	43.1419
4252	43.3679
4253	43.5938
4254	43.8197
4255	44.0456
4256	44.2716
4257	44.5226
4258	44.7485
4259	44.9494
4260	45.0498
4261	2.7
4262	2.7
4263	2.7
4264	2.7
4265	2.7
4266	2.7
4267	2.7
4268	2.7
4269	2.7
4270	2.7
4271	2.7
4272	2.7
4273	2.7
4274	2.7
4275	2.7
4276	2.7
4277	2.7
4278	2.7
4279	2.7
4280	2.7
4281	2.7
4282	2.7
4283	2.7
4284	2.7
4285	2.7
4286	2.7
4287	2.7
4288	2.7
4289	2.7
4290	2.7
4291	2.7
4292	2.7
4293	2.7
4294	2.7
4295	2.7
4296	2.7
4297	2.7
4298	2.7
4299	2.7
4300	2.7
4301	2.7
4302	2.7
4303	2.7
4304	2.7
4305	2.7
4306	2.7
4307	2.7
4308	2.7
4309	2.7
4310	2.7
4311	2.7
4312	2.7
4313	2.7
4314	2.7
4315	2.7
4316	2.7
4317	2.7
4318	2.7
4319	2.7
4320	2.7
4321	2.7
4322	2.7
4323	2.7
4324	2.7
4325	2.7
4326	2.7
4327	2.7
4328	2.7
4329	2.7
4330	2.7
4331	2.7
4332	2.7
4333	2.7
4334	2.7
4335	2.7
4336	2.7
4337	2.7
4338	2.7
4339	2.7
4340	2.7
4341	2.7
4342	2.7
4343	2.7
4344	2.7
4345	2.7
4346	2.7
4347	2.7
4348	2.7
4349	2.7
4350	2.7
4351	2.7
4352	2.7
4353	2.7
4354	2.7
4355	2.7
4356	2.7
4357	2.7
4358	2.7
4359	2.7
4360	2.7
4361	2.7
4362	2.7
4363	2.7
4364	2.7
4365	2.7
4366	2.7
4367	2.7
4368	2.7
4369	2.7
4370	2.7
4371	2.7
4372	2.7
4373	2.7
4374	2.7
4375	2.7
4376	2.7
4377	2.7
4378	2.7
4379	2.7
4380	2.7
4381	2.7
4382	2.7
4383	2.7
4384	2.7
4385	2.7
4386	2.7
4387	2.7
4388	2.7
4389	2.7
4390	2.7
4391	2.7
4392	2.7
4393	2.7
4394	2.7
4395	2.7
4396	2.7
4397	2.7
4398	2.7
4399	2.7
4400	2.7
4401	2.7
4402	2.7
4403	2.7
4404	2.7
4405	2.7
4406	2.7
4407	2.7
4408	2.7
4409	2.7
4410	2.7
4411	2.7
4412	2.7
4413	2.7
4414	2.7
4415	2.7
4416	2.7
4417	2.7
4418	2.7
4419	2.7
4420	2.7
4421	2.7
4422	2.7
4423	2.7
4424	2.7
4425	2.7
4426	2.7
4427	2.7
4428	2.7
4429	2.7
4430	2.7
4431	2.7
4432	2.7
4433	2.7
4434	15.8794
4435	2.7
4436	2.7
4437	2.7
4438	2.7
4439	2.7
4440	2.7
4441	2.7
4442	2.7
4443	2.7
4444	2.7
4445	2.7
4446	2.7
4447	2.7
4448	2.7
4449	2.7
4450	2.7
4451	2.7
4452	2.7
4453	2.7
4454	2.7
4455	2.7
4456	2.7
4457	2.7
4458	2.7
4459	2.7
4460	2.7
4461	2.7
4462	2.7
4463	2.7
4464	2.7
4465	2.7
4466	2.7
4467	2.7
4468	2.7
4469	2.7
4470	2.7
4471	2.7
4472	2.7
4473	2.7
4474	2.7
4475	2.7
4476	2.7
4477	2.7
4478	2.7
4479	2.7
4480	2.7
4481	2.7
4482	2.7
4483	2.7
4484	2.7
4485	2.7
4486	2.7
4487	2.7
4488	2.7
4489	2.7
4490	2.7
4491	2.7
4492	2.7
4493	2.7
4494	2.7
4495	2.7
4496	2.7
4497	2.7
4498	2.7
4499	2.7
4500	2.7
4501	2.7
4502	2.7
4503	2.7
4504	2.7
4505	2.7
4506	2.7
4507	2.7
4508	2.7
4509	2.7
4510	2.7
4511	2.7
4512	2.7
4513	2.7
4514	2.7
4515	2.7
4516	2.7
4517	2.7
4518	2.7
4519	2.7
4520	2.7
4521	2.7
4522	2.7
4523	2.7
4524	2.7
4525	2.7
4526	2.7
4527	2.7
4528	2.7
4529	2.7
4530	2.7
4531	2.7
4532	2.7
4533	2.7
4534	2.7
4535	2.7
4536	2.7
4537	2.7
4538	2.7
4539	2.7
4540	2.7
4541	2.7
4542	2.7
4543	2.7
4544	2.7
4545	2.7
4546	2.7
4547	2.7
4548	2.7
4549	2.7
4550	2.7
4551	2.7
4552	2.7
4553	2.7
4554	2.7
4555	2.7
4556	2.7
4557	2.7
4558	2.7
4559	2.7
4560	2.7
4561	2.7
4562	2.7
4563	2.7
4564	2.7
4565	2.7
4566	2.7
4567	2.7
4568	2.7
4569	2.7
4570	2.7
4571	2.7
4572	2.7
4573	2.7
4574	2.7
4575	2.7
4576	2.7
4577	2.7
4578	2.7
4579	2.7
4580	2.7
4581	2.7
4582	2.7
4583	2.7
4584	2.7
4585	2.7
4586	2.7
4587	2.7
4588	2.7
4589	2.7
4590	2.7
4591	2.7
4592	2.7
4593	2.7
4594	2.7
4595	2.7
4596	2.7
4597	2.7
4598	2.7
4599	2.7
4600	2.7
4601	2.7
4602	2.7
4603	2.7
4604	2.7
4605	2.7
4606	2.7
4607	2.7
4608	2.7
4609	2.7
4610	2.7
4611	2.7
4612	2.7
4613	2.7
4614	2.7
4615	2.7
4616	2.7
4617	2.7
4618	2.7
4619	2.7
4620	2.7
4621	2.7
4622	2.7
4623	2.7
4624	2.7
4625	2.7
4626	2.7
4627	2.7
4628	2.7
4629	2.7
4630	2.7
4631	2.7
4632	2.7
4633	2.7
4634	2.7
4635	2.7
4636	2.7
4637	2.7
4638	2.7
4639	2.7
4640	2.7
4641	2.7
4642	2.7
4643	2.7
4644	2.7
4645	2.7
4646	2.7
4647	2.7
4648	2.7
4649	2.7
4650	2.7
4651	2.7
4652	2.7
4653	2.7
4654	2.7
4655	2.7
4656	2.7
4657	2.7
4658	2.7
4659	2.7
4660	2.7
4661	2.7
4662	2.7
4663	2.7
4664	2.7
4665	2.7
4666	2.7
4667	2.7
4668	2.7
4669	2.7
4670	2.7
4671	2.7
4672	2.7
4673	2.7
4674	2.7
4675	2.7
4676	2.7
4677	2.7
4678	2.7
4679	2.7
4680	2.7
4681	2.7
4682	2.7
4683	2.7
4684	2.7
4685	2.7
4686	2.7
4687	2.7
4688	2.7
4689	2.7
4690	2.7
4691	2.7
4692	2.7
4693	2.7
4694	2.7
4695	2.7
4696	2.7
4697	2.7
4698	2.7
4699	2.7
4700	2.7
4701	2.7
4702	2.7
4703	2.7
4704	2.7
4705	2.7
4706	2.7
4707	2.7
4708	2.7
4709	2.7
4710	2.7
4711	2.7
4712	2.7
4713	2.7
4714	2.7
4715	2.7
4716	2.7
4717	2.7
4718	2.7
4719	2.7
4720	2.7
4721	2.7
4722	2.7
4723	2.7
4724	2.7
4725	2.7
4726	2.7
4727	2.90083
4728	2.90083
4729	2.90083
4730	2.7
4731	2.7
4732	2.7
4733	2.7
4734	2.7
4735	2.7
4736	2.7
4737	2.7
4738	2.7
4739	2.7
4740	2.7
4741	2.7
4742	2.7
4743	2.7
4744	2.7
4745	2.7
4746	2.7
4747	2.7
4748	2.7
4749	2.7
4750	2.7
4751	2.7
4752	2.7
4753	3.77946
4754	4.15601
4755	4.43215
4756	4.7585
4757	5.16015
4758	5.4865
4759	5.78774
4760	6.06388
4761	6.28982
4762	6.61616
4763	6.91741
4764	7.19355
4765	7.46969
4766	7.69562
4767	2.7
4768	8.19769
4769	2.7
4770	2.7
4771	2.7
4772	2.7
4773	2.7
4774	2.7
4775	2.7
4776	2.7
4777	2.7
4778	2.7
4779	2.7
4780	11.2352
4781	11.4612
4782	11.7122
4783	11.9381
4784	12.1892
4785	12.4151
4786	12.6661
4787	12.8921
4788	13.1431
4789	13.3941
4790	13.6452
4791	13.8711
4792	14.1221
4793	14.3732
4794	14.5991
4795	14.8501
4796	15.1012
4797	15.3271
4798	15.5782
4799	15.8292
4800	16.0551
4801	16.3062
4802	16.5321
4803	16.7831
4804	17.0091
4805	17.2601
4806	17.5111
4807	17.7371
4808	17.9881
4809	18.214
4810	18.4651
4811	18.691
4812	18.9169
4813	19.168
4814	19.419
4815	19.6449
4816	19.896
4817	20.1219
4818	20.3478
4819	20.5738
4820	20.8248
4821	21.0507
4822	21.2767
4823	21.5277
4824	21.7536
4825	22.0047
4826	22.2055
4827	22.4565
4828	2.7
4829	2.7
4830	2.7
4831	2.7
4832	23.6866
4833	23.8372
4834	24.0883
4835	24.3142
4836	24.5401
4837	24.7661
4838	25.0171
4839	25.2179
4840	25.4439
4841	25.6949
4842	25.9208
4843	26.1468
4844	26.3727
4845	26.5735
4846	26.8246
4847	27.0505
4848	27.2764
4849	27.4773
4850	27.7283
4851	27.9542
4852	28.1551
4853	28.4061
4854	28.6069
4855	28.858
4856	29.0839
4857	29.2847
4858	29.5358
4859	29.7366
4860	29.9625
4861	30.1885
4862	30.4144
4863	30.6403
4864	30.8663
4865	31.1173
4866	31.3181
4867	31.544
4868	31.77
4869	31.9959
4870	32.2218
4871	32.4478
4872	32.6737
4873	32.8745
4874	33.1005
4875	33.3264
4876	33.5523
4877	33.7783
4878	34.0042
4879	34.2301
4880	34.4561
4881	34.682
4882	34.9079
4883	35.1339
4884	35.3347
4885	35.5606
4886	35.7866
4887	36.0125
4888	36.2384
4889	36.4393
4890	36.6652
4891	36.8911
4892	37.1171
4893	37.3179
4894	37.5438
4895	37.7697
4896	37.9706
4897	38.2216
4898	38.4224
4899	38.6233
4900	38.8994
4901	39.1002
4902	39.3262
4903	39.527
4904	39.7529
4905	39.9538
4906	40.2048
4907	40.4056
4908	40.6316
4909	40.8575
4910	41.0583
4911	41.2843
4912	41.5102
4913	41.7361
4914	41.9369
4915	42.1629
4916	42.3888
4917	42.5896
4918	42.8156
4919	43.0415
4920	43.2674
4921	43.4934
4922	43.6691
4923	43.895
4924	44.121
4925	44.3218
4926	44.5477
4927	44.7485
4928	43.895
4929	42.6147
4930	41.5102
4931	41.9369
4932	41.234
4933	39.8031
4934	36.2635
4935	2.7
4936	2.7
4937	2.7
4938	2.7
4939	2.7
4940	2.7
4941	2.7
4942	2.7
4943	2.7
4944	2.7
4945	2.7
4946	2.7
4947	2.7
4948	2.7
4949	2.7
4950	2.7
4951	2.7
4952	2.7
4953	2.7
4954	2.7
4955	2.7
4956	2.7
4957	2.7
4958	2.7
4959	2.7
4960	2.7
4961	2.7
4962	2.7
4963	2.7
4964	2.7
4965	2.7
4966	2.7
4967	2.7
4968	2.7
4969	2.7
4970	2.7
4971	2.7
4972	2.7
4973	2.7
4974	2.7
4975	2.7
4976	2.7
4977	2.7
4978	2.7
4979	2.7
4980	2.7
4981	2.7
4982	2.7
4983	2.7
4984	2.7
4985	2.7
4986	2.7
4987	2.7
4988	2.7
4989	2.7
4990	2.7
4991	2.7
4992	2.7
4993	2.7
4994	2.7
4995	2.7
4996	2.7
4997	2.7
4998	2.7
4999	2.7
5000	2.7
5001	2.7
5002	2.7
5003	2.7
5004	2.7
5005	2.7
5006	2.7
5007	2.7
5008	2.7
5009	2.7
5010	2.7
5011	2.7
5012	2.7
5013	2.7
5014	2.7
5015	2.7
5016	2.7
5017	2.7
5018	2.7
5019	2.7
5020	2.7
5021	2.7
5022	2.7
5023	2.7
5024	2.7
5025	2.7
5026	2.7
5027	2.7
5028	2.7
5029	2.7
5030	2.7
5031	2.7
5032	2.7
5033	2.7
5034	2.7
5035	2.7
5036	2.7
5037	2.7
5038	2.7
5039	2.7
5040	2.7
5041	2.7
5042	2.7
5043	2.7
5044	2.7
5045	2.7
5046	2.7
5047	2.7
5048	2.7
5049	2.7
5050	2.7
5051	2.7
5052	2.7
5053	2.7
5054	2.7
5055	2.7
5056	2.7
5057	2.7
5058	2.7
5059	2.7
5060	2.7
5061	2.7
5062	2.7
5063	2.7
5064	2.7
5065	2.7
5066	2.7
5067	2.7
5068	2.7
5069	2.7
5070	2.7
5071	2.7
5072	2.7
5073	2.7
5074	2.7
5075	2.7
5076	2.7
5077	2.7
5078	2.7
5079	2.7
5080	2.7
5081	2.7
5082	2.7
5083	2.7
5084	2.7
5085	2.7
5086	2.7
5087	2.7
5088	2.7
5089	3.07655
5090	3.05145
5091	3.07655
5092	2.7
5093	2.7
5094	2.7
5095	2.7
5096	2.7
5097	2.7
5098	3.55352
5099	4.03049
5100	4.33173
5101	4.63298
5102	4.95933
5103	5.21036
5104	5.5116
5105	5.78774
5106	6.03878
5107	6.26471
5108	6.59106
5109	6.8672
5110	7.09313
5111	7.36927
5112	7.64541
5113	7.89645
5114	8.14748
5115	2.7
5116	2.7
5117	2.7
5118	2.7
5119	2.7
5120	2.7
5121	2.7
5122	2.7
5123	2.7
5124	2.7
5125	2.7
5126	11.2352
5127	11.4612
5128	11.6871
5129	11.9381
5130	12.1892
5131	12.4402
5132	12.7163
5133	12.9423
5134	13.1933
5135	13.4443
5136	13.6954
5137	13.9213
5138	14.1975
5139	14.4234
5140	14.6744
5141	14.9255
5142	15.1765
5143	15.4024
5144	15.6786
5145	15.9045
5146	16.1555
5147	16.4066
5148	16.6576
5149	16.8835
5150	17.1346
5151	17.3856
5152	17.6115
5153	17.8626
5154	18.1136
5155	18.3396
5156	18.5906
5157	18.8165
5158	19.0676
5159	19.3186
5160	19.5445
5161	19.7956
5162	20.0215
5163	20.2725
5164	20.4985
5165	20.7495
5166	20.9754
5167	21.2265
5168	21.4775
5169	21.7034
5170	21.9294
5171	22.1804
5172	22.4314
5173	37.6693
5174	41.3345
5175	43.8197
5176	44.2716
5177	23.6113
5178	23.8372
5179	24.0883
5180	24.3142
5181	24.5401
5182	24.7912
5183	25.0171
5184	25.243
5185	25.4941
5186	25.72
5187	25.9459
5188	26.197
5189	26.4229
5190	26.6739
5191	26.8999
5192	27.1258
5193	27.3769
5194	27.6028
5195	27.8538
5196	28.0798
5197	28.3057
5198	28.5316
5199	28.7575
5200	28.9835
5201	29.2345
5202	29.4604
5203	29.6864
5204	29.9374
5205	30.1382
5206	30.4144
5207	30.6403
5208	30.8663
5209	31.0922
5210	31.3181
5211	31.544
5212	31.77
5213	31.9959
5214	32.2218
5215	32.4478
5216	32.6988
5217	32.9247
5218	33.1507
5219	33.3766
5220	33.6025
5221	33.8536
5222	34.0795
5223	34.3054
5224	34.5314
5225	34.7573
5226	35.0083
5227	35.2343
5228	35.4602
5229	35.6861
5230	35.9121
5231	36.138
5232	36.389
5233	36.615
5234	36.8409
5235	37.0668
5236	37.2928
5237	37.5187
5238	37.7446
5239	37.9957
5240	38.1965
5241	38.4224
5242	38.6735
5243	38.8994
5244	39.1253
5245	39.3764
5246	39.5772
5247	39.8031
5248	40.0542
5249	40.2801
5250	40.506
5251	40.732
5252	40.9579
5253	41.1838
5254	41.4098
5255	41.6357
5256	41.8867
5257	42.1127
5258	44.2716
5259	42.4139
5260	39.1755
5261	33.6779
5262	28.4563
5263	21.3018
5264	16.4568
5265	12.8921
5266	44.121
5267	44.3469
5268	44.5728
5269	44.7988
5270	44.9494
5271	45.0749
5272	2.7
5273	2.7
5274	2.7
5275	2.7
5276	2.7
5277	2.7
5278	2.7
5279	2.7
5280	2.7
5281	2.7
5282	2.7
5283	2.7
5284	2.7
5285	2.7
5286	2.7
5287	2.7
5288	2.7
5289	2.7
5290	2.7
5291	2.7
5292	2.7
5293	2.7
5294	2.7
5295	2.7
5296	2.7
5297	2.7
5298	2.7
5299	2.7
5300	2.7
5301	2.7
5302	2.7
5303	2.7
5304	2.7
5305	2.7
5306	2.7
5307	2.7
5308	2.7
5309	2.7
5310	2.7
5311	2.7
5312	2.7
5313	2.7
5314	2.7
5315	2.7
5316	2.7
5317	2.7
5318	2.7
5319	2.7
5320	2.7
5321	2.7
5322	2.7
5323	2.7
5324	2.7
5325	2.7
5326	3.47821
5327	3.90497
5328	4.25642
5329	4.58277
5330	4.90912
5331	5.23546
5332	5.56181
5333	5.88816
5334	6.21451
5335	6.51575
5336	6.81699
5337	7.09313
5338	7.39438
5339	7.67052
5340	7.97176
5341	8.22279
5342	2.7
5343	2.7
5344	2.7
5345	2.7
5346	2.7
5347	2.7
5348	2.7
5349	2.7
5350	2.7
5351	2.7
5352	11.185
5353	11.411
5354	11.6369
5355	11.8879
5356	12.139
5357	12.4151
5358	12.6661
5359	12.9172
5360	13.1431
5361	13.4192
5362	13.6703
5363	13.9213
5364	14.1472
5365	14.4234
5366	14.6493
5367	14.9004
5368	15.1514
5369	15.4024
5370	15.6535
5371	15.9045
5372	16.1555
5373	16.4066
5374	16.6325
5375	16.8835
5376	17.1346
5377	17.3856
5378	17.6115
5379	17.8626
5380	18.1136
5381	18.3647
5382	18.5906
5383	18.8667
5384	19.0927
5385	19.3437
5386	19.5696
5387	19.8207
5388	20.0717
5389	20.2976
5390	20.5487
5391	20.7746
5392	21.0256
5393	21.2516
5394	21.5277
5395	21.7536
5396	21.9796
5397	22.2306
5398	22.4565
5399	22.6574
5400	22.9586
5401	23.1845
5402	23.4356
5403	23.6615
5404	23.9126
5405	24.1385
5406	24.3644
5407	24.6155
5408	24.8414
5409	25.0924
5410	25.3184
5411	25.5443
5412	25.7953
5413	26.0213
5414	26.2723
5415	26.4982
5416	26.7242
5417	26.9752
5418	27.2011
5419	27.4271
5420	27.653
5421	27.904
5422	28.13
5423	28.381
5424	28.6069
5425	28.8329
5426	29.0588
5427	29.3098
5428	29.5358
5429	29.7617
5430	30.0127
5431	30.2387
5432	30.4646
5433	30.7156
5434	30.9416
5435	31.1675
5436	31.4185
5437	31.6194
5438	31.8453
5439	32.0963
5440	32.3223
5441	32.5733
5442	32.7992
5443	33.0252
5444	33.2762
5445	33.5021
5446	33.7281
5447	33.9791
5448	34.205
5449	34.431
5450	34.682
5451	34.9079
5452	35.1339
5453	35.3598
5454	35.5857
5455	35.8117
5456	36.0627
5457	36.2886
5458	36.5146
5459	36.7405
5460	36.9915
5461	37.2175
5462	37.4434
5463	37.6693
5464	37.9204
5465	38.1463
5466	38.3722
5467	38.5982
5468	38.8241
5469	39.05
5470	39.276
5471	39.5019
5472	39.7278
5473	39.9789
5474	40.2048
5475	40.4307
5476	40.6567
5477	40.8826
5478	41.1085
5479	41.3345
5480	41.5855
5481	41.8114
5482	42.0123
5483	42.2633
5484	42.4892
5485	42.7152
5486	42.9411
5487	43.167
5488	43.393
5489	43.6189
5490	43.8448
5491	44.0456
5492	44.2967
5493	44.5226
5494	44.7234
5495	44.9243
5496	45.0498
5497	2.7
5498	2.7
5499	2.7
5500	2.7
